0 554 224 145 246 499 218 127 248 1461 12 161 265 349 291 94 184 1 535 247 522 581 722 457 334 447 431 226 456 1108 72 126 370 
1 495 223 131 230 404 304 151 219 554 223 147 242 609 718 449 345 1461 10 162 267 351 289 123 186 4 535 236 521 495 453 164 398 1106 70 129 373 
2 1461 10 161 268 743 742 324 314 351 286 126 188 3 536 254 531 525 483 185 338 1106 69 129 374 
3 791 136 90 124 1461 12 161 266 422 298 142 221 755 736 311 325 348 283 126 193 525 450 230 408 1107 71 128 371 
4 792 136 88 121 1461 11 160 267 432 295 144 215 744 735 320 328 536 445 226 410 343 281 123 198 1127 70 129 378 
5 540 181 151 217 790 135 83 119 435 294 143 217 570 438 231 397 739 736 323 325 343 279 125 204 1107 71 128 372 
6 563 228 144 227 787 137 82 115 447 285 169 246 736 736 326 325 343 279 127 202 600 434 229 410 1108 71 127 371 
7 788 137 83 115 446 289 174 230 342 281 129 201 753 742 304 341 606 448 229 424 1108 71 127 370 
8 790 138 80 116 452 291 167 219 342 283 132 199 761 745 295 340 1107 72 127 369 637 450 234 414 
9 464 299 152 204 1 538 207 526 795 135 75 121 344 306 135 186 659 440 233 401 771 745 286 341 1107 71 128 370 
10 800 135 70 122 447 280 224 197 0 532 210 518 415 845 240 237 658 402 240 390 342 304 138 189 766 765 309 313 1105 72 129 371 
11 142 640 262 424 475 275 155 206 0 534 211 516 712 149 96 133 800 135 70 126 416 849 233 233 344 305 137 189 667 393 239 402 775 761 296 319 1105 73 129 371 
12 1503 21 124 246 712 146 97 136 802 132 73 128 138 578 278 450 473 270 158 218 0 506 221 454 714 388 232 385 338 303 139 193 374 857 240 219 767 760 304 321 1103 78 130 370 
13 0 714 176 348 1502 20 125 244 715 141 92 123 472 270 162 218 1 503 224 458 720 382 237 392 399 855 268 228 338 302 138 194 136 556 285 472 762 755 311 327 1098 79 138 372 
14 0 708 171 357 713 147 92 133 473 269 159 218 2 513 216 435 718 348 253 419 341 301 137 198 401 853 267 229 203 552 225 471 771 755 299 325 1100 79 137 376 
15 713 148 90 134 1503 20 123 246 474 271 158 216 339 301 139 198 211 556 240 437 0 516 220 426 348 845 285 230 774 755 296 322 1095 80 142 374 
16 552 170 153 229 1503 22 123 245 0 785 179 287 253 562 291 453 343 287 137 192 0 514 219 419 391 849 283 232 775 751 293 327 1089 80 145 372 
17 1504 22 123 245 558 172 146 229 714 149 83 132 0 810 177 260 342 288 139 190 395 848 278 234 0 513 219 418 775 753 294 324 1086 82 144 367 
18 1504 21 122 246 715 148 81 132 813 347 213 442 0 508 215 420 339 301 141 201 406 857 258 223 781 754 290 325 1084 91 143 359 
19 483 271 157 209 713 148 81 131 0 505 214 432 382 854 233 220 315 549 286 383 340 302 138 206 782 752 291 326 1078 94 149 359 
20 714 148 81 131 484 272 158 210 331 519 290 425 0 495 213 443 338 303 138 216 1072 88 153 366 382 871 229 203 775 731 300 340 
21 845 324 207 498 714 148 81 130 486 270 157 213 1 486 213 454 1068 82 156 369 338 305 132 233 356 517 277 426 775 749 294 333 384 871 229 204 
22 713 147 83 132 483 264 157 220 337 305 135 248 1010 69 231 379 0 484 218 458 368 501 265 441 382 864 233 214 885 330 210 493 775 749 297 333 
23 721 145 77 113 483 260 157 226 1010 69 231 383 339 304 145 256 372 501 263 420 904 317 207 518 370 864 251 213 778 750 293 333 
24 0 473 207 479 483 257 158 224 414 480 250 450 773 749 295 332 354 861 271 218 966 60 243 406 903 296 211 538 
25 461 265 222 207 0 475 207 473 781 750 286 329 334 321 323 509 961 61 252 399 348 864 279 211 914 291 211 540 
26 557 918 309 167 269 333 433 437 901 278 236 565 959 58 255 397 790 749 280 331 352 863 271 214 
27 268 344 451 413 908 252 223 508 563 923 302 159 774 763 301 311 1053 80 161 365 354 864 262 213 
28 560 924 304 157 943 344 200 482 761 741 311 313 1061 73 153 375 354 859 265 220 
29 560 924 305 157 341 303 139 221 775 769 298 306 1061 73 146 376 361 855 254 223 
30 459 264 226 209 784 774 288 298 341 304 140 217 1066 68 149 383 356 848 258 233 
31 765 741 311 317 338 304 139 203 1070 67 147 387 349 843 269 240 
32 1156 63 134 319 338 306 126 220 362 842 258 239 
33 771 743 311 312 338 306 130 213 1152 56 143 340 353 841 271 240 
34 534 158 171 252 336 312 138 196 421 459 270 419 1163 48 136 280 904 282 214 575 348 853 285 225 
35 537 159 167 248 781 735 299 329 1116 143 154 305 1172 48 131 279 426 453 275 430 342 855 286 222 901 168 226 679 
36 539 158 167 240 618 922 283 157 864 113 75 131 1112 143 161 307 1173 45 132 280 772 740 311 321 491 442 253 441 340 853 285 226 904 180 225 649 
37 1176 45 133 278 1117 149 158 296 780 737 303 327 339 848 284 233 909 203 226 606 517 445 238 433 
38 555 924 311 154 475 237 157 249 1182 54 129 259 1121 155 155 294 343 852 279 225 529 431 245 450 791 734 296 335 910 176 227 657 
39 1117 153 159 292 559 414 229 478 348 855 276 224 784 735 300 331 1212 49 111 279 912 194 225 632 
40 765 738 316 323 1126 146 154 304 351 853 269 227 1219 43 107 295 911 207 228 614 
41 349 853 269 229 1220 42 115 296 579 436 243 439 639 717 435 345 933 194 220 620 
42 482 239 158 247 353 857 264 222 1137 141 155 321 633 719 451 344 1228 46 110 280 594 417 240 456 939 201 214 599 
43 326 312 139 191 1131 134 158 328 485 241 154 241 351 860 263 220 772 744 311 344 1240 41 111 288 616 406 277 474 940 215 217 582 
44 483 241 150 241 322 313 135 190 1138 136 155 323 756 738 332 327 346 861 274 219 1246 46 113 276 947 226 212 563 624 407 281 462 
45 484 240 154 245 322 312 136 191 1144 140 148 303 1247 37 116 240 348 859 266 222 774 741 315 321 949 236 207 542 643 397 262 503 
46 1146 152 143 270 322 311 136 191 858 126 78 120 349 857 266 226 782 750 299 332 1254 36 119 243 654 394 255 480 950 225 218 540 
47 1255 27 121 255 855 119 79 131 351 856 261 229 1146 149 142 260 753 740 340 320 955 236 221 510 676 371 242 459 
48 852 112 82 147 628 733 441 321 1171 127 143 286 954 193 244 480 1290 31 114 245 681 369 239 445 
49 733 745 358 308 1162 131 131 277 1290 28 127 246 676 350 255 444 
50 666 352 268 435 1165 131 129 273 749 742 341 317 1295 28 130 241 
51 760 779 324 289 1166 131 132 270 439 261 247 227 1304 31 120 231 972 206 233 413 692 368 264 425 
52 1311 29 125 226 519 791 593 264 749 743 332 307 331 309 134 199 981 204 221 424 695 338 288 463 
53 982 210 223 423 1315 27 127 222 329 309 134 195 599 731 483 319 
54 353 861 253 223 1319 30 132 229 984 207 219 432 603 731 481 320 713 348 282 440 326 311 137 190 
55 985 208 216 442 754 367 303 426 351 862 258 223 324 313 139 188 758 742 331 317 
56 1356 27 125 224 990 196 208 476 346 862 258 220 324 314 137 188 774 749 302 333 771 351 288 442 
57 599 225 171 249 435 270 241 218 1370 20 110 236 345 860 258 223 692 719 430 347 782 364 283 436 323 313 133 189 982 159 221 547 
58 433 272 238 215 598 229 169 246 1380 19 112 239 628 722 455 336 343 861 260 223 324 313 133 190 982 158 223 549 812 312 255 490 
59 434 268 239 222 598 225 171 249 345 862 261 224 750 740 336 312 1396 15 114 242 324 313 133 189 1015 153 202 551 808 293 277 529 
60 792 138 82 118 746 114 86 135 1214 121 109 280 590 211 178 259 1404 18 115 242 702 703 427 372 329 310 132 194 1012 154 212 544 822 288 256 536 
61 794 141 85 116 432 269 235 222 698 706 430 365 1208 122 121 275 1412 20 109 255 327 311 133 195 1020 158 203 530 858 223 230 588 
62 432 271 232 219 1433 21 128 251 1027 154 195 535 1208 133 131 256 742 740 341 313 326 311 134 192 862 238 220 568 
63 429 268 238 217 796 141 88 116 1216 100 250 405 344 857 276 227 1433 21 121 335 778 747 303 341 1019 147 210 556 325 310 133 193 866 261 213 525 
64 429 276 147 211 344 855 278 230 798 142 86 113 1522 9 97 260 752 741 340 312 1440 21 119 332 1021 150 204 545 324 310 132 191 866 274 224 554 
65 426 278 149 208 717 115 101 140 1524 12 97 267 751 740 344 317 800 141 85 114 1026 158 203 536 1447 20 121 335 325 311 131 188 870 243 220 560 
66 551 232 161 238 800 142 84 112 718 122 99 133 746 741 347 316 1447 26 130 336 325 312 131 187 873 245 227 559 
67 423 278 149 208 800 142 85 112 717 124 98 130 1458 19 115 347 608 716 464 343 323 312 131 186 876 245 230 546 
68 422 279 149 207 717 126 97 127 1214 140 142 252 602 717 473 341 1458 27 120 338 323 311 131 185 881 240 232 545 
69 1454 34 122 318 422 300 150 197 782 743 301 347 716 127 99 131 1221 142 138 253 322 312 130 186 883 246 229 531 
70 358 854 239 227 1217 143 137 256 779 743 303 348 716 129 99 130 322 312 130 187 883 241 245 525 
71 1216 146 144 253 1518 1 108 370 780 742 300 349 716 128 99 131 356 895 220 188 324 312 129 187 886 236 243 529 
72 1221 111 130 237 425 301 146 198 1444 62 107 280 355 860 239 219 714 126 101 135 774 741 309 354 325 311 126 185 1518 9 116 356 887 224 247 546 
73 426 301 146 197 350 863 240 217 714 125 101 136 772 742 306 352 324 311 127 186 1527 8 115 350 889 226 249 543 
74 812 132 90 128 1219 110 139 232 425 300 147 198 693 127 128 133 346 863 241 216 770 740 306 355 1530 8 118 347 325 312 127 187 890 209 252 560 
75 425 301 146 196 347 856 255 225 692 130 128 129 1215 115 145 225 766 737 311 361 325 312 126 187 1534 6 127 349 901 213 236 552 
76 422 300 149 200 693 130 127 133 1213 136 154 259 771 737 312 361 324 312 130 185 1534 6 130 348 911 219 218 542 
77 422 300 148 200 713 130 103 134 1211 134 152 268 774 738 311 359 326 312 131 186 1539 13 126 334 910 213 228 546 
78 811 132 91 127 699 133 121 135 1210 131 159 276 331 310 129 187 768 725 326 351 1537 13 136 339 938 217 209 537 
79 811 132 91 127 701 134 120 133 1207 138 160 265 1534 13 135 337 343 307 131 193 770 726 326 350 940 220 206 532 
80 352 858 247 219 812 133 91 126 699 136 121 130 1211 137 157 267 761 723 329 354 343 304 135 195 923 226 205 517 
81 353 858 247 220 713 136 98 125 339 302 138 196 785 723 308 354 923 226 205 518 
82 1581 9 123 289 353 859 246 219 812 134 90 125 697 136 122 129 340 302 138 196 788 725 306 349 924 230 204 509 
83 546 230 155 239 354 858 244 220 812 135 92 126 345 285 137 199 352 275 248 216 710 135 99 130 784 727 303 347 924 230 205 512 
84 812 134 88 127 1697 17 121 239 353 857 245 222 1593 8 123 306 339 303 143 192 770 726 312 348 923 225 202 522 
85 547 235 154 240 811 135 89 127 353 858 242 221 1608 5 112 312 340 303 142 191 789 725 298 351 922 222 205 527 
86 353 856 243 223 1606 8 110 296 342 303 139 192 786 725 303 352 923 221 202 527 
87 354 856 242 223 344 303 136 192 776 724 310 354 923 223 203 522 
88 430 298 139 207 355 856 242 223 1619 5 102 284 344 302 137 193 782 724 303 354 921 224 205 520 
89 1621 9 101 286 766 140 132 146 347 302 137 195 354 861 236 218 793 724 297 356 921 224 205 521 
90 767 140 132 145 352 859 239 221 784 726 305 350 920 221 206 525 
91 768 142 130 143 352 860 239 220 787 725 301 352 922 222 203 523 
92 427 296 141 211 777 133 122 142 355 859 236 220 1641 10 97 297 786 727 304 351 922 217 202 529 
93 421 292 146 217 1234 117 119 220 778 133 121 140 356 861 234 217 1641 14 101 288 798 724 291 356 924 219 199 527 
94 1237 120 119 214 779 134 121 140 418 291 149 220 1665 9 98 277 354 860 235 218 785 738 307 353 925 218 197 528 
95 779 134 121 139 415 290 152 223 355 860 235 218 1666 9 101 273 1238 116 118 221 785 724 302 355 926 215 196 532 
96 780 135 120 135 1235 113 113 215 1509 16 123 248 552 162 160 233 710 160 80 112 424 277 151 210 1669 8 104 271 349 859 240 220 780 726 301 351 927 219 195 529 
97 1509 16 123 248 711 157 88 117 347 860 245 219 1675 9 106 260 426 277 146 207 772 740 314 349 928 220 193 526 
98 814 140 86 110 1511 17 122 247 347 859 246 220 1678 11 106 256 427 279 143 205 711 155 91 123 774 722 307 354 929 220 194 527 
99 813 140 88 110 1511 17 121 247 1684 11 100 257 433 277 132 209 347 859 245 220 712 156 91 121 779 721 301 355 928 220 195 528 
100 1236 118 114 212 798 139 116 120 428 278 136 204 1508 18 124 246 347 859 245 220 762 723 320 350 714 156 90 123 926 221 197 527 
101 424 279 145 203 1508 16 121 251 714 152 92 128 347 859 244 220 767 725 315 348 926 221 198 528 
102 347 859 246 220 1508 18 120 251 776 725 306 350 945 220 197 528 
103 1196 150 87 165 1507 19 120 251 347 860 246 218 762 726 320 345 927 225 198 523 
104 814 140 85 109 1231 122 123 205 1509 17 116 255 349 858 245 221 751 729 334 342 927 219 198 530 
105 630 928 265 150 1708 0 98 263 1510 19 113 252 350 858 243 220 1233 122 124 206 767 729 320 345 924 216 203 536 
106 813 140 86 113 1508 22 116 248 1235 123 126 204 349 858 245 221 781 736 302 359 925 216 201 535 
107 1506 24 118 245 714 147 94 137 1709 0 102 265 1235 127 124 200 549 158 157 227 350 861 241 216 782 740 302 351 921 213 205 541 
108 353 858 243 219 1503 21 126 247 473 251 149 236 1241 116 126 219 639 924 253 157 1714 0 106 224 547 159 156 224 778 737 304 355 925 219 200 531 
109 1504 21 124 249 638 923 255 157 430 257 249 225 544 160 157 221 1238 116 125 221 1723 0 107 217 925 218 200 533 785 739 300 352 
110 712 153 92 126 402 269 136 216 473 254 159 234 1502 20 127 249 638 925 254 156 546 161 156 216 1240 115 125 220 1723 0 108 215 924 217 201 535 781 739 302 349 
111 1502 20 128 250 402 267 144 224 639 926 252 154 543 160 159 222 714 154 86 125 1241 116 125 218 1724 0 106 215 777 727 309 351 925 216 200 538 
112 1502 23 128 245 782 131 118 137 353 857 241 219 710 155 83 119 1241 118 126 214 399 267 148 224 1724 0 107 214 538 159 163 224 641 926 245 154 924 216 202 536 792 729 296 346 
113 353 857 242 219 710 158 81 117 812 134 88 118 1501 23 129 245 398 265 145 223 1241 119 126 212 1723 1 111 212 640 926 247 153 543 161 160 220 925 217 201 535 790 730 296 343 
114 398 265 147 223 813 133 87 120 1724 5 112 207 352 857 243 219 1500 27 129 241 1241 119 125 215 539 163 162 225 641 923 248 156 791 730 294 343 925 217 200 535 
115 548 163 153 217 1501 29 127 238 353 857 242 219 709 164 81 111 1732 20 98 180 641 923 244 158 398 266 146 223 1242 118 123 218 925 218 200 534 789 728 295 348 
116 546 164 157 220 707 161 81 114 1500 29 127 238 1731 34 97 163 354 863 235 214 397 267 145 225 1242 120 123 216 644 923 240 158 925 217 200 534 797 729 283 347 
117 819 132 83 119 706 161 83 116 1500 26 128 237 642 923 243 157 354 862 237 214 1729 36 100 163 1242 121 123 215 395 267 150 226 926 218 198 532 791 729 289 347 
118 550 164 157 217 706 161 84 117 354 863 236 214 641 922 244 158 1242 122 122 213 395 269 146 223 790 727 291 350 926 219 198 530 
119 819 134 83 113 642 923 244 156 1500 18 129 242 704 160 85 120 354 863 236 214 1243 121 121 213 395 272 147 220 779 728 301 348 926 219 199 531 
120 798 132 121 126 544 168 157 228 1729 33 101 173 1242 120 124 211 392 271 149 220 776 729 304 346 925 216 199 535 
121 798 132 120 126 1729 33 101 169 1241 118 123 214 392 271 143 218 784 726 300 353 925 215 200 538 
122 1730 35 99 167 1493 16 134 241 1239 118 124 214 392 270 142 220 784 726 299 353 925 216 199 536 
123 486 239 155 240 1732 38 97 161 1237 117 126 213 776 727 306 351 391 271 142 217 925 216 199 536 
124 486 240 156 239 1732 40 96 160 1238 114 126 217 778 728 305 349 389 272 141 217 925 214 200 539 
125 702 158 85 125 351 866 241 212 782 133 117 134 488 241 156 238 1733 42 95 154 1239 115 124 218 389 272 141 217 791 730 292 347 925 214 200 540 
126 487 241 155 238 351 866 240 211 702 159 85 123 782 132 118 136 1732 38 95 163 1239 113 128 220 391 270 142 221 790 730 292 347 924 213 201 541 
127 352 866 240 212 703 159 83 121 781 131 119 138 1733 36 95 164 1240 115 125 219 390 270 144 221 789 730 294 347 924 212 201 543 
128 703 158 84 123 352 866 240 211 1733 37 95 164 1241 114 125 221 390 270 144 220 789 730 294 346 924 211 201 544 
129 351 866 240 211 1734 36 93 165 1239 114 124 220 390 270 144 220 787 730 299 345 924 213 201 542 
130 352 866 239 211 1734 34 94 166 1237 114 125 220 390 269 143 220 788 729 297 348 924 213 201 542 
131 488 242 160 238 1733 32 95 170 353 866 236 212 1241 113 121 222 390 269 143 220 790 730 293 346 924 216 202 537 
132 777 130 123 144 1734 37 95 167 1234 117 120 211 353 868 232 210 390 272 148 216 786 731 296 344 924 215 202 538 
133 1735 38 94 163 1234 118 118 213 351 868 238 211 390 272 146 216 793 730 289 346 923 216 204 536 
134 539 161 166 230 1734 40 95 160 351 865 239 214 1234 117 118 215 390 270 146 221 795 729 288 347 924 216 202 537 
135 707 162 80 114 541 163 161 228 1733 39 95 160 1234 118 120 213 350 866 239 214 390 270 148 222 793 729 290 346 924 216 203 537 
136 708 162 80 114 543 164 159 225 1236 120 122 209 350 866 240 214 390 268 152 225 789 728 293 348 924 215 201 537 
137 538 160 167 227 356 895 213 185 1236 120 119 210 392 266 150 231 791 729 291 348 924 216 201 535 
138 706 163 80 114 538 158 168 231 354 868 236 212 1238 120 120 212 392 267 151 230 783 729 299 348 924 216 200 535 
139 354 867 237 213 1242 112 117 226 390 271 145 223 784 727 298 352 925 217 199 533 
140 354 866 236 214 1244 114 116 224 390 272 142 220 789 725 292 355 925 218 199 532 
141 1505 21 120 242 355 866 233 214 1245 108 120 233 390 273 141 219 790 727 294 352 925 218 198 531 
142 1504 21 121 241 323 896 215 183 390 273 141 219 1242 105 114 236 797 741 282 349 925 218 198 531 
143 1504 20 121 240 323 897 216 182 1245 108 111 230 389 274 141 216 793 743 286 346 926 218 198 532 
144 1732 26 100 176 358 868 226 212 392 268 142 225 1248 107 113 236 794 743 294 347 923 220 201 534 
145 1732 25 100 178 358 869 225 211 392 269 142 225 1242 112 116 231 791 742 291 347 923 219 202 533 
146 1732 25 100 178 355 869 227 211 393 269 142 225 1240 116 119 230 796 743 288 344 923 218 201 535 
147 535 241 150 238 1732 25 100 178 1235 116 119 223 394 268 140 225 353 868 232 212 788 729 299 348 923 217 201 538 
148 533 239 152 242 1733 26 100 176 1234 119 119 219 391 269 136 220 351 868 234 212 786 729 299 348 923 218 201 535 
149 533 236 153 241 1732 25 101 178 391 269 134 219 350 868 234 213 1231 116 123 221 788 729 295 347 923 218 202 537 
150 1732 25 101 179 391 268 131 221 351 868 232 214 1229 114 125 222 790 730 296 346 923 219 201 535 
151 1733 25 101 178 392 269 128 216 350 869 235 212 1233 115 128 218 790 729 298 348 923 218 200 536 
152 1733 30 100 171 487 246 157 236 391 268 132 218 351 868 235 213 1237 114 122 225 790 729 293 348 924 219 201 532 
153 1733 30 100 170 487 245 159 237 375 268 125 224 350 868 237 213 1244 111 118 227 792 728 290 350 924 220 199 530 
154 488 244 157 238 1733 30 101 169 1243 106 121 238 374 269 127 225 350 867 239 215 796 741 282 348 924 219 200 531 
155 488 244 154 239 1733 32 100 168 1239 112 113 224 348 867 241 214 374 268 125 226 798 742 279 345 925 221 199 526 
156 487 249 154 231 1225 119 130 214 373 269 125 216 345 868 241 212 787 726 296 353 925 220 196 527 
157 1209 128 154 271 373 269 125 217 345 867 242 213 789 727 292 352 926 221 196 526 
158 373 270 126 218 1212 109 143 232 313 874 240 204 791 727 289 352 925 221 196 525 
159 488 249 156 236 1210 110 145 232 373 270 127 219 344 868 247 211 790 729 290 349 926 224 196 520 
160 489 249 155 237 372 271 127 218 1215 110 146 230 343 869 249 210 792 729 287 350 925 222 196 522 
161 1500 27 129 234 489 249 159 236 1213 110 145 228 372 271 127 218 344 867 255 211 788 729 293 349 925 221 196 524 
162 488 249 158 238 1216 113 141 223 345 868 254 211 371 270 129 219 791 726 292 354 925 221 195 524 
163 1211 118 143 216 489 249 156 236 372 270 128 219 344 867 256 212 792 727 292 353 925 221 196 525 
164 1214 116 140 219 347 863 254 217 489 248 157 238 371 269 128 220 792 727 289 353 924 220 197 526 
165 1502 26 126 237 355 898 220 181 1218 116 138 219 488 246 159 239 371 269 127 218 793 726 285 354 924 219 198 529 
166 1731 35 101 162 1502 26 125 236 356 898 220 180 488 247 158 240 371 270 128 219 790 729 288 349 923 218 199 529 
167 1731 35 101 162 355 899 222 179 489 247 157 240 371 269 129 219 784 729 297 348 923 218 199 530 
168 1730 31 102 167 1501 22 128 237 489 246 159 239 370 267 131 225 344 869 248 211 793 727 289 352 925 217 197 531 
169 1730 31 103 167 488 245 161 241 370 267 131 225 344 870 249 210 799 726 278 354 925 217 197 530 
170 1730 33 103 165 371 266 129 225 487 245 161 240 344 869 250 210 800 726 279 354 924 218 200 529 
171 1497 22 132 238 1731 33 101 164 387 267 139 220 488 246 159 239 312 896 239 183 804 726 273 355 924 218 199 529 
172 1731 33 101 164 387 267 139 221 344 870 251 208 489 246 159 240 802 724 275 356 924 218 200 529 
173 1732 33 101 165 371 266 130 228 342 871 256 206 490 246 159 241 803 725 276 356 924 222 200 524 
174 1732 33 100 165 343 872 253 204 489 246 159 241 387 268 138 220 798 726 282 354 924 225 199 521 
175 1461 24 159 242 309 898 243 180 1732 33 100 164 371 266 131 229 489 246 160 241 800 726 279 355 924 224 199 523 
176 342 871 256 205 1732 33 100 165 1238 112 120 226 489 246 160 241 371 266 131 229 790 724 290 356 926 223 198 524 
177 1732 33 100 164 309 897 244 182 1242 114 116 226 489 246 160 241 372 266 130 229 795 726 285 354 926 223 197 524 
178 1732 33 100 164 308 897 245 182 1234 109 126 235 489 246 160 241 371 265 130 228 801 726 276 355 925 222 197 525 
179 1234 110 131 233 1732 33 101 165 490 245 159 242 310 897 243 182 372 265 129 230 798 725 281 356 925 222 198 525 
180 1235 103 141 243 492 244 157 241 313 875 240 200 371 265 129 229 796 725 283 357 925 214 197 539 
181 491 244 157 242 346 869 246 210 372 265 128 228 794 725 286 355 925 214 198 538 
182 491 245 156 241 345 870 253 208 372 266 128 227 798 729 284 349 924 215 199 536 
183 491 245 156 240 348 868 251 209 372 266 128 226 803 744 278 339 924 215 200 538 
184 491 245 156 240 348 869 250 209 372 267 129 226 804 729 278 349 924 214 201 539 
185 490 245 158 241 348 870 250 207 372 267 129 226 805 729 276 349 923 216 203 536 
186 348 870 250 207 488 246 160 240 371 267 129 226 804 728 277 350 922 220 205 529 
187 490 248 160 238 1234 109 143 229 349 870 248 207 371 267 129 226 804 727 278 351 940 217 206 538 
188 490 246 159 241 349 870 247 207 1236 110 137 231 371 266 129 226 800 726 281 353 938 218 209 535 
189 489 244 160 242 348 870 247 208 1236 109 135 235 372 266 129 227 787 725 294 353 940 217 206 536 
190 488 247 157 239 1236 107 136 239 348 870 245 208 372 267 128 225 790 727 288 350 942 217 203 535 
191 1734 35 97 160 489 247 157 239 654 151 129 146 1236 108 134 235 347 869 245 209 372 267 128 226 793 729 285 347 942 217 200 532 
192 494 241 154 243 1244 109 124 239 347 865 250 213 372 267 129 225 794 728 284 348 942 214 203 539 
193 493 242 157 243 1243 109 124 239 349 867 245 211 372 268 129 224 802 727 279 350 941 215 204 537 
194 349 867 247 209 491 242 158 243 1242 107 123 241 372 267 130 225 790 727 284 350 941 216 204 534 
195 349 866 247 211 1239 108 126 235 495 245 156 239 390 270 141 217 791 729 284 347 923 220 205 525 
196 1238 109 127 235 350 869 244 208 495 246 157 240 390 271 142 216 791 728 285 349 922 220 208 525 
197 350 868 247 210 1239 113 125 230 492 246 165 238 388 270 143 216 790 727 286 351 922 220 207 524 
198 354 867 246 211 1239 112 127 227 491 249 166 236 387 272 143 214 790 731 288 344 923 221 206 524 
199 491 247 163 237 1241 113 130 227 388 270 144 217 790 732 287 341 922 221 207 526 
200 490 248 164 235 1241 113 128 227 385 271 147 216 785 732 293 342 923 221 205 526 
201 491 250 164 234 1239 113 129 229 385 271 146 216 785 729 294 346 923 223 206 523 
202 489 249 165 236 1238 114 129 228 785 729 294 345 385 273 146 214 921 224 210 522 
203 488 244 166 241 1239 114 129 228 386 272 146 215 785 728 294 347 923 221 206 523 
204 492 240 158 244 1236 119 131 216 389 272 141 214 785 729 295 345 944 219 197 530 
205 492 237 159 248 1236 120 130 213 779 729 300 345 390 273 140 214 945 221 194 527 
206 1739 34 93 158 1236 120 128 215 781 728 298 346 390 271 141 217 945 221 194 525 
207 491 240 158 244 1236 122 128 212 1739 35 94 159 390 271 142 217 785 728 295 346 944 220 195 527 
208 492 243 161 242 1235 122 126 212 1738 35 94 159 389 272 141 215 784 728 296 347 946 222 193 522 
209 490 247 162 236 1737 35 94 161 1233 120 128 212 389 272 141 215 786 728 295 348 946 221 194 524 
210 491 244 163 239 1735 36 95 156 1229 122 130 209 391 272 140 217 785 728 295 347 946 220 193 526 
211 1228 123 132 211 392 272 140 216 784 729 296 345 946 221 194 526 
212 1231 122 129 212 393 272 139 215 788 727 293 349 947 221 192 524 
213 1230 124 132 212 394 272 137 215 785 726 296 350 947 220 192 527 
214 1228 122 129 210 394 272 138 215 788 727 293 349 948 221 191 525 
215 1230 124 130 206 395 271 138 217 786 727 295 349 948 220 190 526 
216 1459 60 157 251 713 162 77 116 1235 116 129 221 788 727 288 349 393 270 137 216 946 219 196 530 
217 713 162 77 114 1459 35 163 238 1232 116 125 218 790 725 286 352 393 270 139 217 946 222 195 524 
218 714 162 77 114 1218 104 133 225 789 725 287 352 393 271 140 217 946 220 193 527 
219 1218 101 128 236 394 271 138 215 792 727 285 350 946 220 194 527 
220 490 258 157 225 1217 95 126 242 393 271 138 215 794 729 285 346 947 222 194 523 
221 715 163 76 113 493 256 158 227 1217 94 123 245 791 727 288 350 394 270 136 216 947 221 194 526 
222 494 257 156 226 1213 97 120 247 791 728 289 348 395 270 137 216 946 221 196 527 
223 495 254 155 228 1209 105 123 234 396 271 137 216 792 728 288 348 946 225 196 522 
224 346 861 269 216 491 254 156 228 1203 97 127 248 398 269 138 217 793 727 288 350 945 224 196 522 
225 490 254 157 228 716 163 75 110 347 862 266 215 1200 95 129 252 398 269 138 218 795 728 285 348 946 224 194 522 
226 347 862 267 216 489 253 157 230 788 145 84 112 715 165 75 108 1201 97 128 249 398 269 137 218 794 729 287 347 944 224 197 523 
227 785 146 84 111 714 166 77 107 488 252 159 230 1200 96 133 253 398 271 137 215 793 730 288 346 945 224 197 524 
228 714 158 81 120 786 146 84 113 790 728 286 349 396 274 136 208 439 261 245 227 1198 100 131 252 942 225 206 526 
229 589 205 127 134 787 146 84 112 715 156 83 122 784 727 292 351 395 272 138 210 443 261 245 226 1176 102 138 254 942 223 207 529 
230 349 862 262 217 787 145 84 113 588 204 128 135 715 157 85 122 783 727 295 349 394 271 138 211 444 260 246 228 1171 98 143 259 940 221 209 534 
231 348 860 263 220 586 204 130 137 788 145 83 114 714 157 87 123 782 725 297 352 395 272 139 211 443 259 244 228 1172 110 138 243 922 223 209 526 
232 348 860 262 219 788 144 82 114 714 157 89 124 1207 130 116 255 441 259 245 228 396 271 138 213 781 723 302 354 918 220 216 530 
233 347 861 262 218 788 143 84 117 1206 129 117 258 715 158 88 122 395 271 137 212 781 724 301 354 441 256 247 231 913 220 224 530 
234 349 861 260 218 789 142 83 118 585 201 132 141 1203 124 122 273 716 156 91 127 396 271 136 211 781 722 300 356 443 256 247 232 910 214 229 539 
235 1206 134 120 254 349 863 259 218 588 200 127 143 716 155 92 128 397 271 134 210 780 721 300 358 443 256 246 231 912 215 223 534 
236 587 201 129 140 1171 97 135 245 716 156 92 125 398 273 134 209 781 722 298 355 442 259 246 228 937 212 215 539 
237 1169 101 137 239 583 199 132 143 400 273 132 209 717 155 92 128 780 722 298 354 440 261 246 228 913 217 224 528 
238 1077 169 171 525 795 142 76 114 717 155 92 127 399 273 130 209 442 261 243 225 780 721 300 356 932 210 225 545 
239 794 142 78 114 1074 167 175 530 402 272 129 211 780 723 301 352 441 259 245 229 933 210 223 544 
240 794 141 79 117 1407 0 111 248 404 266 126 215 440 257 242 229 1078 143 172 559 936 213 214 545 
241 404 265 126 216 1407 0 114 245 794 141 80 119 443 257 240 229 1074 141 174 566 912 217 227 529 
242 405 264 122 216 792 141 82 119 445 258 238 228 1394 8 131 247 1073 149 173 550 938 214 212 538 
243 405 266 122 216 791 141 82 119 1397 9 121 252 445 258 238 229 1070 178 177 509 939 216 211 536 
244 790 142 81 116 1388 8 133 253 450 254 238 235 1073 162 174 530 940 220 207 533 
245 776 725 299 347 1385 6 130 252 789 143 80 113 451 255 236 235 1077 145 168 554 918 220 217 528 
246 348 863 257 214 788 144 80 109 1358 0 115 252 449 258 237 231 777 724 299 349 1077 134 168 570 918 220 213 530 
247 777 727 302 345 1333 0 118 224 453 256 234 235 1078 138 169 561 921 217 206 534 
248 1525 21 105 255 1450 49 119 280 453 255 234 235 1332 0 112 223 1082 143 165 555 922 215 207 538 
249 1518 28 108 248 1456 43 123 285 347 861 264 216 687 154 128 134 1326 0 112 227 444 251 243 239 1081 147 167 549 922 219 207 531 
250 1314 0 123 232 687 154 129 133 443 252 241 237 1083 141 164 560 923 222 206 527 
251 348 865 255 211 1309 2 123 230 689 155 127 131 443 255 239 233 1084 144 164 556 924 223 202 526 
252 344 866 254 211 418 261 127 223 1526 11 104 260 447 251 242 239 1309 0 115 236 924 216 204 530 
253 1084 162 153 382 762 727 312 340 346 867 255 212 418 261 127 223 1526 12 103 254 446 251 243 238 1302 0 118 244 923 214 206 533 
254 418 260 128 224 347 868 250 210 1521 11 106 254 1300 0 117 246 444 251 243 238 923 217 206 529 
255 418 261 129 222 318 876 225 199 1523 10 106 257 1056 125 191 473 442 251 244 237 1288 0 123 248 922 215 207 531 
256 546 240 151 232 418 262 129 220 685 151 134 136 1055 121 191 478 319 876 223 199 1518 9 110 258 440 252 245 235 1282 0 121 245 922 216 205 529 
257 780 775 293 306 683 152 134 135 418 263 130 220 1059 123 188 487 1517 9 110 258 319 876 223 199 1263 3 144 252 439 254 246 234 924 215 203 529 
258 417 264 130 218 683 154 134 134 778 777 295 304 1518 8 112 257 319 875 223 199 1242 2 160 274 441 254 243 233 925 216 201 528 
259 683 156 133 133 781 771 292 312 1519 9 111 249 414 267 130 213 1068 147 181 549 318 875 224 200 1247 7 145 270 444 255 240 232 924 213 202 532 
260 608 229 89 116 682 156 134 134 1068 143 181 554 1521 7 111 249 784 768 288 314 412 269 129 211 318 875 225 199 446 259 239 227 1239 14 142 266 924 214 203 530 
261 319 875 224 200 1516 10 115 244 412 269 129 212 788 772 285 309 445 260 240 226 1237 12 129 275 921 215 208 529 
262 1516 8 114 243 794 776 280 305 412 268 132 215 441 260 244 227 1225 9 129 290 922 214 207 528 
263 412 268 132 212 795 777 278 303 1211 12 138 286 442 259 241 226 920 214 212 527 
264 1529 8 104 246 804 778 267 303 1209 20 126 261 493 251 158 234 411 267 134 218 1072 155 176 534 920 209 212 537 
265 1529 8 102 249 1206 20 125 246 1074 159 174 524 805 779 267 303 493 253 158 232 407 268 138 218 919 208 214 540 
266 1201 19 126 259 1075 159 172 528 803 777 268 305 490 253 164 232 406 267 137 216 920 214 212 535 
267 698 152 123 138 1073 162 170 525 494 254 157 230 803 782 270 301 406 267 139 220 1192 27 137 317 917 219 218 527 
268 1469 7 133 263 698 153 124 136 1070 170 175 512 798 780 275 302 489 254 164 230 403 267 139 219 1193 32 134 326 915 221 218 523 
269 699 151 125 138 1468 5 130 263 1072 174 182 505 797 782 277 300 488 252 165 234 400 268 142 222 1173 27 145 326 919 223 211 520 
270 1467 6 131 262 698 151 127 138 797 786 278 296 399 272 144 217 440 255 242 231 1176 27 139 323 914 219 221 525 
271 1083 179 154 347 698 151 126 138 1467 4 130 263 794 781 281 302 441 256 241 231 396 274 144 215 1172 26 143 327 912 216 224 530 
272 699 151 125 138 1469 4 128 262 792 780 282 303 484 249 167 234 393 277 144 211 1176 25 134 333 913 217 224 527 
273 1470 4 126 262 701 151 123 136 792 778 282 305 444 256 237 229 391 280 140 203 1166 25 142 342 913 224 221 516 
274 1469 4 128 264 699 151 124 136 391 281 141 201 793 778 282 305 437 254 244 231 1164 25 147 340 912 229 217 509 
275 699 151 124 136 1469 4 131 264 793 776 282 308 387 281 142 204 441 255 240 229 1163 24 143 353 914 227 216 513 
276 1053 167 199 513 700 155 121 131 1538 11 79 197 793 787 286 295 385 274 144 215 482 251 162 229 912 227 213 511 1165 23 148 366 
277 701 154 120 132 1079 182 153 358 1539 8 79 204 793 785 285 298 371 276 127 212 480 250 165 231 912 232 211 505 1160 24 147 363 
278 700 154 120 133 370 276 126 215 796 793 282 290 1062 157 189 526 478 249 167 236 1160 30 142 344 916 235 203 508 
279 711 157 89 121 349 863 254 215 385 302 146 202 796 792 282 291 477 249 167 237 1067 161 184 526 1154 30 146 332 917 234 203 509 
280 712 157 89 121 349 863 251 214 798 791 278 291 385 300 151 205 476 248 165 238 1066 162 183 531 1149 35 146 313 918 231 200 514 
281 712 157 88 120 384 302 151 202 346 863 258 216 798 793 278 290 476 247 165 239 1150 49 139 293 1071 165 176 521 918 231 200 514 
282 713 156 86 119 347 863 254 216 381 303 153 198 800 791 274 291 478 250 164 234 1146 42 139 293 1070 160 177 530 918 230 198 516 
283 347 860 260 219 712 156 87 120 800 791 273 292 365 279 134 209 1139 29 137 249 477 250 164 235 1072 165 176 524 920 228 199 517 
284 799 788 272 294 713 155 85 121 1140 29 133 252 364 281 138 207 479 250 165 232 1070 162 182 512 920 231 200 516 
285 768 725 300 344 1137 31 130 247 712 155 85 121 362 282 141 205 480 250 163 232 1066 168 186 490 920 222 197 428 
286 767 725 300 342 712 156 84 120 1134 29 129 253 362 281 140 205 482 250 163 232 921 222 203 434 1065 173 187 488 
287 762 724 307 344 713 155 84 121 1141 38 127 297 362 281 140 203 479 249 165 234 926 224 197 440 1068 172 180 495 
288 1548 5 93 252 1041 142 80 160 488 250 155 232 1064 173 184 495 1130 22 132 267 361 281 140 203 949 242 199 491 
289 1075 180 160 357 1040 144 80 154 1549 3 93 254 1132 22 130 268 488 249 156 235 361 281 138 203 945 218 210 430 
290 1072 180 163 342 1546 1 96 251 1131 25 137 263 488 249 158 234 360 280 139 204 948 221 210 434 
291 1542 2 98 245 1133 27 137 255 360 281 139 202 488 248 158 233 942 224 229 429 
292 1064 150 160 258 1542 2 99 246 1132 28 138 248 360 281 139 202 489 248 157 233 948 236 225 506 
293 712 156 85 126 1538 2 106 246 1130 27 134 252 359 281 139 202 490 247 155 234 954 239 218 505 
294 712 156 86 125 335 853 289 228 1532 2 115 244 1129 26 136 252 489 247 157 235 359 280 141 204 959 234 212 508 
295 714 156 84 123 1531 4 120 244 1131 27 134 250 490 247 157 235 359 281 142 202 962 233 211 519 
296 1529 6 125 240 1130 26 134 249 490 247 157 235 357 281 144 204 962 217 216 442 
297 338 852 282 229 790 724 293 353 1527 5 128 239 1129 25 132 248 489 247 159 234 354 300 139 197 961 219 216 438 
298 784 722 299 356 1525 6 130 239 1129 25 133 249 490 247 159 234 962 214 211 451 354 300 139 198 
299 786 723 294 353 337 853 282 228 1531 5 131 242 1130 25 133 249 491 245 157 237 354 300 139 198 963 215 208 441 
300 341 852 274 229 1536 3 117 256 1132 31 132 251 488 248 157 230 794 720 290 359 356 284 144 197 962 204 205 447 
301 586 137 214 190 341 853 274 229 1536 3 117 253 1131 32 133 251 794 720 290 359 485 247 162 231 356 283 144 198 962 209 206 428 
302 341 852 272 229 1536 3 116 255 579 137 222 192 1131 31 134 252 794 720 290 359 485 248 166 231 357 284 143 197 965 207 208 435 
303 342 851 272 230 579 136 226 194 1536 3 115 252 1131 31 133 252 488 245 164 235 795 721 289 358 357 284 142 196 966 206 210 442 
304 1537 3 114 254 342 851 273 230 1131 30 134 254 490 245 163 234 358 285 141 195 798 722 287 356 968 205 208 443 
305 1534 3 115 252 342 851 272 229 1131 30 134 254 489 247 163 231 803 723 280 355 357 286 141 193 967 206 206 438 
306 1532 4 116 253 343 852 273 228 1130 30 134 254 358 299 130 199 489 247 161 233 801 722 282 357 967 204 207 454 
307 1534 4 115 254 1131 31 134 250 344 853 271 228 489 247 160 233 357 301 132 196 802 721 283 357 967 204 206 444 
308 1536 5 113 255 492 247 154 235 1130 31 135 251 344 854 270 226 356 301 134 196 798 721 288 359 965 207 207 435 
309 1535 4 112 256 343 854 272 227 1130 30 133 251 490 247 155 234 354 302 139 194 802 719 281 362 967 207 204 437 
310 1536 5 113 255 343 855 269 226 1130 29 134 252 354 287 154 195 490 247 162 233 805 722 277 358 965 207 204 434 
311 1538 2 113 257 1129 29 135 255 343 855 268 225 353 288 156 193 489 249 160 231 806 723 277 356 967 208 201 432 
312 1102 27 143 255 1537 0 117 263 492 248 155 236 346 862 260 218 353 301 151 195 807 722 273 358 967 211 200 438 
313 346 859 262 221 493 245 152 240 1542 0 111 264 1103 27 140 252 354 302 151 193 801 720 282 358 965 211 202 430 
314 1104 28 139 251 491 245 155 241 353 302 152 193 805 721 276 358 965 211 203 428 
315 489 244 158 241 1103 28 139 253 353 302 149 191 804 721 277 358 962 210 204 425 
316 487 240 161 243 1103 27 139 253 353 303 150 189 804 722 279 356 964 211 204 424 
317 1130 30 133 252 353 304 148 188 963 214 204 424 803 722 279 357 
318 488 249 156 236 1103 29 139 251 358 303 138 193 964 217 202 420 801 722 283 356 
319 492 253 158 232 1102 31 140 246 982 230 169 386 354 303 145 192 802 723 281 356 
320 1103 31 139 247 980 232 166 386 358 303 141 192 804 724 279 354 
321 1103 31 138 244 360 303 141 193 975 227 169 393 804 724 279 354 
322 1074 189 148 321 1103 30 138 244 360 303 139 191 975 229 167 403 804 723 278 355 
323 1074 192 152 313 1103 30 137 243 361 301 138 195 804 724 279 354 972 226 166 397 
324 649 152 141 145 1103 34 138 232 359 282 143 203 807 723 274 355 966 226 168 400 
325 648 152 141 143 1103 35 137 231 359 298 134 203 808 722 273 357 965 226 169 400 
326 1075 190 156 325 481 263 158 221 650 152 140 146 1103 30 139 236 361 300 128 202 807 722 274 356 963 227 167 405 
327 482 260 156 223 360 299 128 203 1104 29 138 235 1071 182 162 338 807 722 274 356 963 226 167 411 
328 478 259 155 225 1103 29 139 237 1069 181 164 337 808 721 273 358 963 226 168 409 
329 478 260 159 224 1105 28 136 237 1071 182 163 338 809 721 271 358 963 226 168 406 
330 479 258 162 226 1105 28 136 239 1071 179 161 345 810 722 270 356 965 227 166 411 
331 481 259 159 226 1104 27 137 240 811 722 269 356 1067 175 166 349 963 229 165 415 
332 1103 27 139 240 1068 178 165 345 810 722 270 356 964 231 164 411 
333 485 260 159 222 1103 27 139 240 1069 178 165 344 809 721 270 357 964 232 165 412 
334 485 264 158 219 1104 25 139 243 1068 177 164 344 810 722 270 356 964 233 167 415 
335 352 288 141 192 1103 25 139 242 1070 177 163 344 808 724 272 354 958 239 179 502 
336 480 256 157 227 339 859 277 218 355 303 133 202 1100 28 140 244 803 726 279 348 961 230 172 413 
337 481 259 157 226 336 858 283 221 1099 29 142 243 362 300 134 208 802 727 281 347 960 230 172 413 
338 481 260 156 226 802 724 280 351 1099 28 141 244 365 303 136 206 961 232 171 411 
339 1078 194 157 317 801 723 281 352 1099 30 141 240 363 302 139 204 962 232 170 411 
340 1078 194 157 318 802 723 280 353 1100 30 141 239 359 299 145 206 962 233 170 406 
341 1079 195 155 319 802 722 280 354 1097 31 144 238 359 300 144 206 963 237 169 403 
342 483 256 155 228 803 722 279 354 1096 31 145 239 359 299 143 204 964 237 169 403 
343 484 258 151 224 803 722 280 354 1093 30 146 241 357 300 145 203 963 235 169 405 
344 802 720 281 356 485 257 153 224 1096 31 144 237 963 236 170 401 356 301 145 200 
345 801 718 280 358 485 254 154 228 1093 32 146 236 962 234 170 407 353 302 148 201 
346 801 718 280 359 486 256 154 224 1092 33 146 235 962 233 170 409 352 303 150 200 
347 800 717 281 360 486 255 155 226 1096 34 143 231 962 231 170 413 353 303 147 200 
348 340 855 288 222 800 723 282 354 490 248 159 233 342 303 151 200 964 225 165 422 
349 339 856 288 220 801 723 282 353 491 248 158 233 342 302 152 203 964 225 166 418 
350 342 857 285 220 801 723 282 353 491 248 159 234 341 301 155 204 964 223 166 425 
351 342 857 280 220 800 723 283 354 491 248 159 235 959 229 181 520 341 301 154 206 
352 797 721 287 356 491 248 160 235 960 230 181 520 341 302 153 205 
353 794 719 290 359 1102 48 137 218 490 248 161 235 957 217 190 445 340 301 154 204 
354 791 718 294 361 1100 44 139 225 491 248 159 236 956 214 190 448 340 302 155 203 
355 343 858 279 219 791 719 293 359 1098 42 141 232 340 303 155 202 491 250 159 233 965 221 166 426 
356 341 854 289 223 1099 41 138 232 339 304 155 201 490 253 160 231 965 221 166 425 
357 333 854 304 224 488 251 162 232 1099 40 139 235 339 304 155 200 965 222 166 422 
358 797 720 286 358 337 849 297 228 485 252 163 232 1102 38 136 238 339 305 154 199 964 223 167 419 
359 799 719 284 360 336 852 302 226 485 249 162 234 1104 39 133 237 338 306 153 198 965 225 168 417 
360 337 853 293 224 798 720 284 360 1104 34 135 243 337 303 155 199 484 246 161 236 957 236 180 518 
361 337 857 296 219 804 720 276 361 337 303 154 201 483 245 159 237 1102 34 137 240 958 236 182 515 
362 1020 128 78 126 340 862 281 213 805 721 275 360 336 304 154 199 1102 36 137 240 482 245 162 238 958 235 183 517 
363 801 719 279 361 337 857 298 219 1100 37 140 238 336 303 154 201 480 242 165 241 957 235 184 516 
364 797 719 284 361 341 856 294 220 1099 33 140 245 336 303 154 200 480 242 166 241 959 235 181 521 
365 799 719 282 362 340 855 297 223 1099 29 141 252 335 303 156 201 480 244 165 239 958 232 182 525 
366 797 718 284 362 338 856 297 220 1098 27 141 254 327 303 159 203 481 247 164 235 959 231 178 525 
367 799 721 282 358 339 856 290 221 293 308 217 194 1096 27 143 253 479 250 164 233 960 226 175 536 
368 339 852 288 226 803 721 277 359 294 308 216 192 1098 28 140 252 479 247 164 235 959 226 177 536 
369 477 244 172 243 1107 30 128 246 957 196 196 463 288 304 213 194 
